spawns:
  default:
    world: world
    x: 0.4043938006281906
    y: 64.0
    z: 0.21512624673767375
    yaw: 359.62744
    pitch: -3.3832116